571,407
574,408
575,409
576,409
577,409
578,410
580,410
581,411
582,411
584,412
585,412
586,413
588,413
588,414
589,414
590,414
591,414
591,415
592,415
593,415
594,415
595,415
596,415
596,414
596,413
596,412
596,411
596,410
597,410
597,411
598,411
599,411
600,412
601,413
602,413
603,414
605,415
606,416
608,417
609,417
611,419
613,420
615,421
618,422
620,423
623,425
627,426
630,428
634,430
638,431
644,434
648,435
652,437
657,439
661,440
665,441
671,443
676,445
683,447
698,452
706,454
714,457
721,459
728,461
734,463
739,464
743,465
747,466
750,466
752,467
756,468
757,468
760,468
762,468
763,469
765,469
766,469
767,469
769,469
769,470
770,470
771,470
772,470
773,470
774,470
775,470
776,470
776,471
775,471
774,471
773,471
772,471
771,471
770,471
769,471
768,471
767,471
766,471
765,471
764,471
763,471
762,471
761,471
760,471
759,471
758,471
757,471
