863,587,1
863,587,2
863,587,2
863,587,3
863,587,3
863,587,3
863,587,3
863,587,3
863,587,4
863,587,4
863,587,4
863,587,4
863,587,5
863,587,5
863,587,5
863,587,5
863,587,6
863,587,6
863,587,6
863,587,6
863,587,6
863,587,7
863,587,7
863,587,7
863,587,7
863,587,7
863,587,8
863,587,8
863,587,8
863,587,8
863,587,9
863,587,9
863,587,9
863,587,10
863,587,10
863,587,10
863,587,11
863,587,11
863,587,11
863,587,12
863,587,12
863,587,12
863,587,13
863,587,13
863,587,13
863,587,13
863,587,14
863,587,14
863,587,14
863,587,15
863,587,15
863,587,15
863,587,16
863,587,18
863,587,18
863,587,18
863,587,18
863,587,19
863,587,19
863,587,19
863,587,20
863,587,20
863,587,20
863,587,21
863,587,21
863,587,21
863,587,22
863,587,22
863,587,22
863,587,22
863,587,23
863,587,23
863,587,23
863,587,24
863,587,24
863,587,24
863,587,25
863,587,25
863,587,25
863,587,25
863,587,26
863,587,26
863,587,26
863,587,27
863,587,27
863,587,27
863,587,28
863,587,28
863,587,28
863,587,29
863,587,29
863,587,29
863,587,29
863,587,30
863,587,30
863,587,30
863,587,31
863,587,31
863,587,32
863,587,33
863,587,34
863,587,34
863,587,34
863,587,35
863,587,35
863,587,35
863,587,36
863,587,36
863,587,36
863,587,36
863,587,37
863,587,37
863,587,38
863,587,38
863,587,38
863,587,39
863,587,39
863,587,39
863,587,39
863,587,40
863,587,40
863,587,40
863,587,41
863,587,41
863,587,41
863,587,42
863,587,42
863,587,42
863,587,42
863,587,43
863,587,43
863,587,43
863,587,44
863,587,44
863,587,44
863,587,45
863,587,45
863,587,45
863,587,46
863,587,46
863,587,46
863,587,47
863,587,47
863,587,48
863,587,49
863,587,50
863,587,50
863,587,50
863,587,51
863,587,51
863,587,51
863,587,52
863,587,52
863,587,52
863,587,53
863,587,53
863,587,53
863,587,53
863,587,54
863,587,54
863,587,54
863,587,55
863,587,55
863,587,55
863,587,56
863,587,56
863,587,56
863,587,56
863,587,57
863,587,57
863,587,57
863,587,58
863,587,58
863,587,58
863,587,59
863,587,59
863,587,59
863,587,60
863,587,60
863,587,60
863,587,60
863,587,61
863,587,61
863,587,61
863,587,62
863,587,62
863,587,63
863,587,63
863,587,63
863,587,65
863,587,66
863,587,66
863,587,66
863,587,67
863,587,67
863,587,67
863,587,67
863,587,68
863,587,68
863,587,68
863,587,69
863,587,69
863,587,69
863,587,70
863,587,70
863,587,70
863,587,70
863,587,71
863,587,71
863,587,71
863,587,72
863,587,72
863,587,72
863,587,73
863,587,73
863,587,73
863,587,73
863,587,74
863,587,74
863,587,75
863,587,75
863,587,75
863,587,76
863,587,76
863,587,76
863,587,76
863,587,77
863,587,77
863,587,77
863,587,78
863,587,78
863,587,78
863,587,79
863,587,79
863,587,79
863,587,79
863,587,81
863,587,81
863,587,82
863,587,82
863,587,82
863,587,83
863,587,83
863,587,83
863,587,83
863,587,84
863,587,84
863,587,84
863,587,85
863,587,85
863,587,85
863,587,86
863,587,86
863,587,86
863,587,87
863,587,87
863,587,87
863,587,88
863,587,88
863,587,88
863,587,88
863,587,89
863,587,89
863,587,89
863,587,90
863,587,90
863,587,90
863,587,91
863,587,91
863,587,91
863,587,91
863,587,92
863,587,92
863,587,92
863,587,93
863,587,93
863,587,93
863,587,93
863,587,94
863,587,94
863,587,94
863,587,95
863,587,95
863,587,96
863,587,97
863,587,98
863,587,98
863,587,98
863,587,98
863,587,99
863,587,99
863,587,99
863,587,100
863,587,100
863,587,100
863,587,101
863,587,101
863,587,101
863,587,102
863,587,102
863,587,103
863,587,103
863,587,103
863,587,104
863,587,104
863,587,104
863,587,105
863,587,105
863,587,105
863,587,106
863,587,106
863,587,106
863,587,107
863,587,107
863,587,107
863,587,107
863,587,108
863,587,108
863,587,108
863,587,109
863,587,109
863,587,109
863,587,110
863,587,110
863,587,110
863,587,110
863,587,112
863,587,113
863,587,113
863,587,113
863,587,114
863,587,114
863,587,114
863,587,115
863,587,115
863,587,115
863,587,116
863,587,116
863,587,116
863,587,117
863,587,117
863,587,117
863,587,117
863,587,118
863,587,118
863,587,118
863,587,119
863,587,119
863,587,119
863,587,119
863,587,120
863,587,120
863,587,120
863,587,121
863,587,122
863,587,122
863,587,122
863,587,123
863,587,123
863,587,123
863,587,123
863,587,124
863,587,124
863,587,124
863,587,125
863,587,125
863,587,125
863,587,127
863,587,127
863,587,127
863,587,128
863,587,128
863,587,128
863,587,129
863,587,129
863,587,129
863,587,130
863,587,130
863,587,130
863,587,130
863,587,131
863,587,131
863,587,131
863,587,132
863,587,132
863,587,132
863,587,133
863,587,133
863,587,133
863,587,133
863,587,134
863,587,134
863,587,134
863,587,135
863,587,135
863,587,135
863,587,136
863,587,136
863,587,136
863,587,136
863,587,137
863,587,137
863,587,137
863,587,138
863,587,138
863,587,139
863,587,139
863,587,139
863,587,140
863,587,140
863,587,140
863,587,140
863,587,141
863,587,141
863,587,141
863,587,144
863,587,144
863,587,144
863,587,144
863,587,145
863,587,145
863,587,145
863,587,146
863,587,146
863,587,146
863,587,147
863,587,147
863,587,147
863,587,147
863,587,148
863,587,148
863,587,148
863,587,149
863,587,149
863,587,149
863,587,150
863,587,150
863,587,150
863,587,151
863,587,151
863,587,151
863,587,151
863,587,152
863,587,153
863,587,153
863,587,153
863,587,154
863,587,154
863,587,154
863,587,154
863,587,155
863,587,155
863,587,155
863,587,156
863,587,156
863,587,156
863,587,157
863,587,157
863,587,157
863,587,157
863,587,159
863,587,159
863,587,160
863,587,160
863,587,160
863,587,161
863,587,161
863,587,161
863,587,162
863,587,162
863,587,162
863,587,163
863,587,163
863,587,163
863,587,164
863,587,164
863,587,164
863,587,165
863,587,165
863,587,165
863,587,165
863,587,166
863,587,166
863,587,166
863,587,167
863,587,167
863,587,167
863,587,167
863,587,168
863,587,168
863,587,169
863,586,169
863,586,170
863,586,170
863,586,171
863,586,171
863,586,172
863,586,172
863,586,172
863,586,172
863,586,173
863,586,173
863,586,173
863,586,175
863,586,175
863,586,176
863,586,176
863,586,176
863,586,177
863,586,177
863,586,177
863,586,178
863,586,178
863,586,178
863,586,178
863,586,179
863,586,179
863,586,179
863,586,180
863,586,180
863,586,180
863,586,181
863,586,181
863,586,181
863,586,181
863,586,182
863,586,182
863,586,182
863,586,183
863,586,183
863,586,183
863,586,184
863,586,184
863,586,184
863,586,184
863,586,185
863,586,185
863,586,185
863,586,186
863,586,186
863,586,186
863,586,187
863,586,187
863,586,187
863,586,187
863,586,188
863,586,189
863,586,189
863,586,189
863,586,189
863,586,191
863,586,192
863,586,192
863,586,192
863,586,192
863,586,193
863,586,193
863,586,193
863,586,194
863,586,194
863,586,194
863,586,195
863,586,195
863,586,195
863,586,196
863,586,196
863,586,196
863,586,197
863,586,197
863,586,197
863,586,198
863,586,198
863,586,198
863,586,198
863,586,199
863,586,199
863,586,199
863,586,200
863,586,200
863,586,200
863,586,201
863,586,201
863,586,201
863,586,201
863,586,202
863,586,203
863,586,203
863,586,203
863,586,203
863,586,204
863,586,204
863,586,204
863,586,205
863,586,205
863,586,205
863,586,207
863,586,207
863,586,208
863,586,208
863,586,208
863,586,209
863,586,209
863,586,209
863,586,209
863,586,210
863,586,210
863,586,210
863,586,211
863,586,211
863,586,211
863,586,212
863,586,212
863,586,212
863,586,213
863,586,213
863,586,213
863,586,214
863,586,214
863,586,214
863,586,214
863,586,215
863,586,215
863,586,215
863,586,216
863,586,216
863,586,216
863,586,217
863,586,217
863,586,217
863,586,217
863,586,218
863,586,219
863,586,219
863,586,219
863,586,220
863,586,220
863,586,220
863,586,220
863,586,221
863,586,221
863,586,221
863,586,222
863,586,223
863,586,224
863,586,224
863,586,224
863,586,225
863,586,225
863,586,225
863,586,225
863,586,226
863,586,226
863,586,226
863,586,227
863,586,227
863,586,227
863,586,228
863,586,228
863,586,228
863,586,229
863,586,229
863,586,229
863,586,230
863,586,230
863,586,230
863,586,231
863,586,231
863,586,231
863,586,232
863,586,232
863,586,232
863,586,233
863,586,233
863,586,233
863,586,234
863,586,234
863,586,235
863,586,235
863,586,236
863,586,236
863,586,236
863,586,237
862,585,237
862,585,238
862,585,240
862,585,240
862,585,241
862,585,241
862,585,241
862,585,242
862,585,242
862,585,242
862,585,243
862,585,243
862,585,243
862,585,244
862,585,244
862,585,244
862,585,244
861,584,245
861,584,247
861,584,248
861,584,249
861,584,249
861,584,249
861,584,249
861,583,250
861,583,251
860,583,251
860,583,252
860,583,252
860,583,253
860,583,255
860,582,255
860,582,256
859,582,256
859,582,257
859,582,257
859,582,258
859,582,258
859,582,258
859,582,259
859,582,259
859,582,259
859,582,260
858,581,260
858,581,261
858,581,261
858,581,261
858,581,262
858,581,262
858,581,262
858,581,263
858,581,263
858,581,263
857,580,264
857,580,264
857,580,265
857,580,265
857,580,266
857,580,266
857,580,266
857,580,266
856,579,267
856,579,267
856,579,269
855,578,270
855,578,270
855,578,271
855,578,271
855,578,272
855,578,272
855,578,273
854,577,273
854,577,274
854,577,274
854,577,275
854,577,275
854,577,275
854,577,276
853,577,276
853,577,277
853,576,277
853,576,278
852,576,278
852,576,279
852,576,279
852,576,280
852,575,280
852,575,281
851,575,281
851,574,282
851,574,283
850,574,283
850,574,284
850,574,285
849,573,286
849,573,286
849,573,287
848,573,287
847,572,288
847,572,288
847,572,290
847,571,291
846,571,291
846,571,292
845,571,292
845,571,293
845,570,293
845,570,294
844,570,298
842,568,298
842,568,299
842,568,299
842,568,301
841,567,304
839,566,304
838,566,305
838,566,305
838,565,306
838,565,306
838,565,306
837,565,307
837,565,307
837,564,308
837,564,308
836,564,309
836,564,309
835,564,310
835,564,310
835,563,311
835,563,312
834,563,312
834,563,313
833,562,313
833,562,313
833,562,314
833,562,314
832,562,315
832,562,319
830,560,319
830,560,320
830,560,320
830,560,321
829,559,321
829,559,322
829,559,322
829,559,323
828,558,323
827,558,324
827,558,324
827,558,325
827,558,325
826,557,326
826,557,326
826,557,327
826,557,327
825,557,328
825,557,328
825,557,329
825,556,329
824,556,330
824,556,330
824,556,331
824,555,332
823,555,333
823,555,333
823,555,334
822,554,334
822,554,335
822,554,335
821,554,336
821,554,337
821,553,337
821,553,338
820,553,338
820,553,339
820,553,339
820,553,340
819,553,340
819,553,341
819,552,341
819,552,342
818,552,342
818,552,343
818,552,344
818,551,344
818,551,345
817,551,345
817,551,347
816,550,348
816,550,348
815,550,349
815,550,349
815,550,350
815,550,350
814,549,351
814,549,352
814,549,352
814,549,353
814,549,353
814,549,353
813,549,354
813,549,354
813,549,355
813,548,355
813,548,356
812,548,360
811,547,360
810,547,361
810,547,361
810,547,362
810,547,367
808,545,367
808,545,368
807,545,368
807,545,369
807,545,369
807,545,370
806,545,371
806,544,373
805,544,374
805,544,375
805,544,375
805,544,376
804,543,376
804,543,376
804,543,378
803,543,381
802,542,381
802,542,382
802,542,382
802,542,383
801,542,383
801,542,384
801,542,384
801,542,385
801,541,385
800,541,386
800,541,386
800,541,387
800,541,387
799,541,388
799,541,389
799,541,389
799,541,390
799,540,390
799,540,391
798,540,391
798,540,392
798,540,392
798,540,394
797,539,395
797,539,395
797,539,395
796,539,396
796,539,397
796,539,397
796,539,398
795,539,398
795,538,399
795,538,399
795,538,400
795,538,400
794,538,401
794,538,402
794,538,402
793,538,403
793,538,404
793,537,404
793,537,405
792,537,405
792,537,406
792,537,406
792,537,407
792,537,407
792,537,407
791,537,408
791,537,408
791,536,410
790,536,411
790,536,412
790,536,415
789,535,415
789,535,416
788,535,416
788,535,416
788,535,417
788,535,417
788,535,418
788,535,418
788,535,418
788,535,419
787,534,419
787,534,423
786,534,423
786,534,424
786,534,424
786,533,425
786,533,429
784,533,429
784,532,430
784,532,430
784,532,431
783,532,431
783,532,432
783,532,432
783,532,433
783,532,433
783,532,433
783,532,434
782,531,436
782,531,436
781,531,437
781,531,437
781,531,438
781,531,438
781,530,439
781,530,439
780,530,440
780,530,442
780,530,443
780,530,443
780,530,443
779,530,444
779,530,444
779,529,445
779,529,445
779,529,446
779,529,447
778,529,447
778,529,448
778,529,448
778,529,449
778,529,449
778,529,449
777,528,450
777,528,451
777,528,451
777,528,452
777,528,452
777,528,453
777,528,453
777,528,453
776,528,454
776,528,454
776,527,456
775,527,457
775,527,458
775,527,458
775,527,459
775,527,459
775,527,459
775,526,460
775,526,461
774,526,461
774,526,462
774,526,462
774,526,463
774,526,463
774,526,463
774,525,464
774,525,464
773,525,465
773,525,466
773,525,466
773,525,467
773,525,467
772,525,468
772,525,469
772,525,469
772,524,470
772,524,470
772,524,471
772,524,473
771,524,473
771,524,474
771,524,474
771,524,474
771,524,475
771,524,475
771,524,475
770,523,476
770,523,476
770,523,477
770,523,477
770,523,478
770,523,478
770,523,478
770,523,479
770,523,479
770,523,479
769,523,480
769,523,480
769,523,480
769,523,481
769,523,482
769,522,482
769,522,485
768,522,485
768,522,485
768,522,486
768,522,486
768,522,486
768,521,487
768,521,491
767,521,491
766,521,492
766,521,492
766,521,492
766,520,493
766,520,493
766,520,494
766,520,494
766,520,495
766,520,495
766,520,495
766,520,496
766,520,496
766,520,496
765,520,497
765,520,497
765,520,498
765,520,498
765,519,499
765,519,499
765,519,500
765,519,500
765,519,501
765,519,501
765,519,501
764,519,504
764,519,504
764,519,504
764,518,505
764,518,505
763,518,506
763,518,506
763,518,507
763,518,507
763,518,507
763,518,508
763,518,508
763,518,508
763,518,508
763,518,509
763,518,509
763,518,509
763,518,510
763,518,510
762,517,510
762,517,511
762,517,511
762,517,512
762,517,512
762,517,513
762,517,513
762,517,513
762,517,513
762,517,514
762,517,514
762,517,514
762,517,515
762,517,515
762,517,515
761,517,516
761,517,517
761,517,517
761,516,518
761,516,520
761,516,520
761,516,520
760,516,521
760,516,521
760,516,522
760,516,522
760,516,523
760,516,523
760,516,523
760,516,524
760,516,524
760,516,524
760,515,525
760,515,525
759,515,526
759,515,526
759,515,527
759,515,527
759,515,528
759,515,528
759,515,528
759,515,529
759,515,529
759,515,529
759,515,529
759,515,530
759,515,530
759,515,530
759,515,531
759,515,531
759,514,532
759,514,532
758,514,534
758,514,535
758,514,535
758,514,535
758,514,536
758,514,536
758,514,536
758,514,537
758,514,537
757,514,537
757,514,538
757,514,538
757,514,539
757,514,539
757,513,540
757,513,540
757,513,541
757,513,541
757,513,542
757,513,542
757,513,542
757,513,542
757,513,543
757,513,543
757,513,543
757,513,544
757,513,544
756,513,545
756,513,545
756,513,546
756,513,547
756,513,547
756,513,547
756,513,548
756,513,548
756,513,548
756,513,548
756,513,550
756,512,551
756,512,552
756,512,552
756,512,553
756,512,553
756,512,553
755,512,554
755,512,554
755,512,555
755,512,556
755,512,556
755,512,556
755,512,557
755,512,557
755,512,557
755,512,558
755,512,558
755,512,558
755,512,559
755,512,559
755,512,559
755,512,560
755,512,560
755,512,560
755,512,560
755,512,561
755,512,562
755,512,562
755,511,563
755,511,563
754,511,564
754,511,564
754,511,565
754,511,567
754,511,568
754,511,568
754,511,568
754,511,569
754,511,569
754,511,569
754,511,570
754,511,570
754,511,570
754,511,571
754,511,571
754,511,571
754,511,572
754,511,572
754,511,572
754,511,573
754,511,573
754,511,573
754,511,574
754,511,574
754,511,574
754,511,575
754,511,575
754,511,575
754,511,576
754,511,576
754,511,576
753,511,577
753,511,578
753,510,578
753,510,579
753,510,580
753,510,581
753,510,582
753,510,582
753,510,582
753,510,583
753,510,583
753,510,583
753,510,584
753,510,584
753,510,584
753,510,585
753,510,585
753,510,585
753,510,585
753,510,586
753,510,586
753,510,586
753,510,587
753,510,587
753,510,587
753,510,588
753,510,588
753,510,588
753,510,589
753,510,589
753,510,589
752,510,590
752,510,590
752,510,590
752,510,591
752,510,592
752,510,592
752,510,592
752,510,593
752,510,593
752,510,593
752,510,594
752,510,594
752,510,594
752,510,594
752,510,595
752,510,595
752,510,595
752,510,597
752,509,598
752,509,598
752,509,599
752,509,599
752,509,599
752,509,600
752,509,600
752,509,600
752,509,601
752,509,601
752,509,601
752,509,601
752,509,602
752,509,602
752,509,602
752,509,603
752,509,603
752,509,603
752,509,604
752,509,604
752,509,604
751,509,605
751,509,605
751,509,606
751,509,606
751,509,607
751,509,607
751,509,607
751,509,608
751,509,608
751,509,608
751,509,609
751,509,609
751,509,609
751,509,610
751,509,610
751,509,610
751,509,610
751,509,612
751,509,614
751,509,614
751,509,614
751,509,615
751,509,615
751,509,615
751,508,616
751,508,616
751,508,617
751,508,617
750,508,618
750,508,618
750,508,619
750,508,619
750,508,619
750,508,620
750,508,620
750,508,620
750,508,621
750,508,621
750,508,621
750,508,622
750,508,622
750,508,622
750,508,622
750,508,623
750,508,623
750,508,623
750,508,624
750,508,624
750,508,624
750,508,625
750,508,625
750,508,626
750,508,626
750,508,626
750,508,628
749,508,629
749,508,629
749,508,630
749,508,631
749,507,631
749,507,631
749,507,632
749,507,632
749,507,633
749,507,633
749,507,633
749,507,633
749,507,634
749,507,634
749,507,634
749,507,635
749,507,635
749,507,635
749,507,636
749,507,636
749,507,636
748,507,637
748,507,637
748,507,638
748,507,639
748,507,639
748,507,639
748,507,639
748,507,640
748,507,640
748,507,640
748,507,641
748,507,641
748,507,644
747,506,646
747,506,646
747,506,646
747,506,647
747,506,647
747,506,647
747,506,648
747,506,648
747,506,648
747,506,649
747,506,649
747,506,649
746,505,650
746,505,650
746,505,651
746,505,651
746,505,652
746,505,652
746,505,652
746,505,652
746,505,653
746,505,653
746,505,653
746,505,654
746,505,654
746,505,654
746,505,655
746,505,655
745,505,656
745,505,656
745,504,657
745,504,657
745,504,658
745,504,658
745,504,658
745,504,660
745,504,661
745,504,661
745,504,661
745,504,662
745,504,662
745,504,663
744,504,663
744,504,664
744,504,664
744,504,665
744,504,665
744,504,666
744,504,666
744,504,666
744,503,667
744,503,667
744,503,668
743,503,669
743,503,669
743,503,670
743,503,671
743,503,671
743,503,671
743,503,672
743,503,672
743,503,672
743,503,672
743,503,673
743,503,673
743,503,673
743,503,674
743,503,674
743,503,674
743,503,676
742,502,677
742,502,677
742,502,678
742,502,678
742,502,679
742,502,679
742,502,679
742,502,680
742,502,680
742,502,680
742,502,681
742,502,681
742,502,681
742,502,682
742,502,682
742,502,682
742,502,683
742,502,683
742,502,683
741,502,684
741,502,684
741,502,685
741,501,686
741,501,686
741,501,687
741,501,687
741,501,688
741,501,688
741,501,688
741,501,689
741,501,689
741,501,689
741,501,690
741,501,690
740,501,691
740,501,692
740,501,693
740,501,693
740,501,693
740,501,694
740,501,694
740,500,695
740,500,695
740,500,696
740,500,697
740,500,697
740,500,697
739,500,698
739,500,698
739,500,699
739,500,699
739,500,700
739,500,700
739,500,700
739,500,700
739,500,701
739,500,702
739,500,702
739,500,702
739,500,703
739,500,703
739,500,703
739,500,703
739,500,704
739,500,704
738,499,705
738,499,705
738,499,706
738,499,707
738,499,708
738,499,708
738,499,709
738,499,709
738,499,709
738,499,709
738,499,710
738,499,710
738,499,710
738,499,711
738,499,711
738,499,711
738,499,712
738,499,712
738,499,712
737,499,713
737,499,713
737,498,714
737,498,715
737,498,715
737,498,716
737,498,716
737,498,716
737,498,717
737,498,717
737,498,717
737,498,718
737,498,718
737,498,718
737,498,719
737,498,719
737,498,719
737,498,719
737,498,720
737,498,720
737,498,720
737,498,722
736,498,723
736,498,723
736,498,724
736,498,724
736,498,724
736,498,725
736,498,725
736,498,725
736,498,725
736,498,726
736,498,726
736,498,726
736,498,727
736,498,727
736,498,727
736,498,728
736,498,728
736,498,728
736,498,728
736,498,729
736,498,729
736,498,729
736,498,730
736,498,730
736,497,731
736,497,731
736,497,732
736,497,732
736,497,733
736,497,733
736,497,733
736,497,733
736,497,734
736,497,734
736,497,734
736,497,735
736,497,735
736,497,735
736,497,736
736,497,736
736,497,736
736,497,736
736,497,738
736,497,738
736,497,739
736,497,739
736,497,739
736,497,740
736,497,740
736,497,740
736,497,740
736,497,741
736,497,741
736,497,741
736,497,742
736,497,742
736,497,742
736,497,743
736,497,743
736,497,743
736,497,744
736,497,744
736,497,744
736,497,744
736,497,745
736,497,745
736,497,745
736,497,746
736,497,746
736,497,746
736,497,747
736,497,747
736,497,747
736,497,747
736,497,748
736,497,749
736,497,749
736,497,749
736,497,750
736,497,750
736,497,750
736,497,751
736,497,751
736,497,751
736,497,751
736,497,752
736,497,752
736,497,752
736,497,754
736,497,754
736,497,755
736,497,755
736,497,755
736,497,756
736,497,756
736,497,756
736,497,756
736,497,757
736,497,757
736,497,757
736,497,758
736,497,758
736,497,758
736,497,759
736,497,759
736,497,759
736,497,759
736,497,760
736,497,760
736,497,760
736,497,761
736,497,761
736,497,761
736,497,762
736,497,762
736,497,762
736,497,763
736,497,763
736,497,764
736,497,764
736,497,764
736,497,765
736,497,765
736,497,765
736,497,766
736,497,766
736,497,766
736,497,767
736,497,767
736,497,767
736,497,767
736,497,768
736,497,768
736,497,768
736,497,770
736,497,770
736,497,771
736,497,771
736,497,771
736,497,772
736,497,772
736,497,772
736,497,772
736,497,773
736,497,773
736,497,774
736,497,774
736,497,774
736,497,775
736,497,775
736,497,775
736,497,776
736,497,776
736,497,776
736,497,776
736,497,777
736,497,777
736,497,777
736,497,778
736,497,779
736,497,779
736,497,780
736,497,780
736,497,780
736,497,781
736,497,781
736,497,781
736,497,782
736,497,782
736,497,782
736,497,783
736,497,783
736,497,783
736,497,784
736,497,785
736,497,786
736,497,786
736,497,787
736,497,787
736,497,788
736,497,788
736,497,789
736,497,789
736,497,790
736,497,790
736,497,791
736,497,791
736,497,792
736,497,792
736,497,792
736,497,793
736,497,793
736,497,794
736,497,794
736,497,795
736,497,795
736,497,795
736,497,796
736,497,796
736,497,796
736,497,797
736,497,797
736,497,797
736,497,798
736,497,798
736,497,798
736,497,799
736,497,800
736,497,801
736,497,801
736,497,801
736,497,802
736,497,802
736,497,802
736,497,803
736,497,803
736,497,803
736,497,804
736,497,804
736,497,804
736,497,805
736,497,805
736,497,805
736,497,805
736,497,806
736,497,806
736,497,806
736,497,807
736,497,807
736,497,807
736,497,808
736,497,808
736,497,809
736,497,809
736,497,809
736,497,810
736,497,810
736,497,810
736,497,811
736,497,811
736,497,811
736,497,812
736,497,812
736,497,812
736,497,812
736,497,813
736,497,813
736,497,813
736,497,814
736,497,814
735,497,815
735,497,816
735,497,817
735,497,817
735,497,817
735,497,818
735,497,818
735,497,818
735,497,819
735,497,819
735,497,819
735,497,820
735,497,820
735,497,820
735,497,820
735,497,821
735,497,821
734,497,822
734,497,822
734,497,823
734,497,824
